-1 -1 -1 
-1 -1 -1 
-1 -1 -1 
//
===================================================================================================================
Comparison chart
===================================================================================================================
#              ||   Bubble    ||   Selection ||   Inserton  ||   Shell     ||   Quick     ||   
===================================================================================================================
Comparisons:   ||   18        ||   9         ||   6         ||   6         ||   9         ||   
Swaps:         ||   0         ||   0         ||   0         ||   0         ||   0         ||   
===================================================================================================================
Bubble sort
-1 -1 -1 
-1 -1 -1 
-1 -1 -1 
Selection sort
-1 -1 -1 
-1 -1 -1 
-1 -1 -1 
Inserton sort
-1 -1 -1 
-1 -1 -1 
-1 -1 -1 
Shell sort
-1 -1 -1 
-1 -1 -1 
-1 -1 -1 
Quick sort
-1 -1 -1 
-1 -1 -1 
-1 -1 -1 
